BUBBLE SORTING START
[74706, 57796, 29086, 82755, 42659, 23023, 78139, 51512, 98770, 11333, 27556, 26917, 81619, 79402, 5682, 87158, 64990, 45264, 67548, 30168, 71878, 40416, 42707, 10406, 95652, 67482, 38082, 25767, 8353, 50144, 6631, 83042, 20908, 26458, 20602, 93073, 18560, 75067, 88512, 31131, 59449, 14793, 61843, 86278, 69340, 23394, 1561, 92848, 83944, 82082, 38937]
[1, 2, 2, 2, 3, 3, 5, 6, 7, 8, 9, 11, 12, 13, 14, 15, 15, 16, 19, 19, 21, 21, 22, 29, 30, 31, 32, 33, 33, 35, 36, 38, 40, 41, 41, 41, 42, 42, 42, 42, 44, 44, 45, 45, 49, 49, 50, 50, 50, 51, 99999]
BUBBLE SORTING FINISH: TAKES 50897 ms

SELECT SORTING START
[59856, 55296, 44435, 59655, 94175, 20194, 88564, 33914, 83983, 88534, 88580, 47085, 64226, 60347, 74562, 95498, 51764, 60311, 16091, 78147, 34320, 69887, 99765, 66063, 40134, 9385, 76080, 34630, 96673, 95545, 29423, 51904, 78748, 4940, 60605, 68951, 4187, 46509, 35059, 3198, 88799, 45754, 77151, 12677, 55067, 91897, 94439, 69780, 55980, 421, 52739]
[2, 3, 3, 3, 4, 4, 4, 5, 6, 8, 9, 11, 11, 12, 13, 13, 13, 14, 14, 18, 20, 20, 22, 22, 24, 24, 27, 27, 28, 28, 30, 30, 31, 32, 33, 33, 34, 35, 36, 37, 37, 37, 39, 39, 40, 41, 42, 43, 44, 44, 99999]
SELECT SORTING FINISH: TAKES 12579 ms

INSERT SORTING START
[33029, 62636, 26227, 8580, 32248, 84280, 61371, 71745, 35006, 27981, 72806, 94803, 80762, 27746, 45656, 31654, 48856, 17568, 64673, 75752, 61434, 94818, 37490, 90640, 49878, 57936, 57556, 67344, 61700, 27873, 17340, 17345, 40829, 68597, 79906, 97330, 46053, 37556, 18585, 852, 55410, 26253, 99392, 79629, 97613, 16757, 73502, 86399, 48125, 7715, 44907]
[1, 3, 3, 3, 5, 8, 8, 9, 9, 10, 11, 12, 13, 14, 15, 16, 18, 19, 19, 20, 22, 24, 24, 25, 26, 26, 28, 28, 28, 29, 32, 35, 35, 37, 37, 40, 41, 41, 41, 41, 42, 43, 46, 46, 48, 49, 49, 50, 50, 50, 99998]
INSERT SORTING FINISH: TAKES 12707 ms

Process finished with exit code 0


BUBBLE SORTING START
[53832, 88104, 61181, 47287, 81898, 10525, 61846, 65380, 21910, 58120, 91813, 28034, 88194, 53281, 76032, 63710, 98166, 28127, 33110, 2627, 8542, 83935, 33258, 76979, 5141, 19660, 68434, 60409, 69394, 96065, 77716, 89219, 95162, 75378, 90821, 64181, 67434, 17586, 82247, 4959, 1543, 34773, 55653, 8280, 70924, 64574, 84853, 85708, 24823, 84828, 3980]
[0, 0, 2, 4, 5, 7, 7, 8, 9, 9, 9, 10, 11, 13, 15, 16, 20, 21, 22, 24, 25, 25, 30, 32, 33, 34, 34, 35, 36, 36, 37, 39, 42, 43, 43, 45, 46, 46, 46, 47, 49, 50, 51, 52, 53, 54, 55, 55, 55, 56, 99999]
BUBBLE SORTING FINISH: TAKES 50624 ms

SELECT SORTING START
[2604, 91092, 44615, 13645, 41302, 50791, 53325, 26608, 48073, 77758, 58994, 50151, 15837, 17803, 61070, 1272, 91361, 1808, 74746, 47371, 62040, 88266, 82517, 96197, 67820, 13472, 10319, 30858, 81698, 76430, 96140, 8182, 97396, 38426, 75881, 85600, 49189, 1082, 38754, 4179, 78551, 8744, 25181, 74832, 75712, 1291, 74760, 10156, 67523, 62220, 95111]
[0, 0, 3, 3, 4, 4, 5, 6, 7, 7, 8, 10, 10, 13, 13, 14, 15, 18, 19, 19, 19, 19, 20, 22, 22, 25, 25, 26, 27, 27, 28, 29, 29, 30, 30, 31, 33, 34, 34, 35, 35, 37, 38, 38, 38, 39, 40, 41, 45, 45, 99999]
SELECT SORTING FINISH: TAKES 12569 ms

INSERT SORTING START
[44375, 69897, 37676, 74238, 59020, 9723, 61771, 47334, 41503, 19966, 74837, 31638, 59069, 7465, 75288, 28924, 73492, 70369, 61295, 31119, 7188, 96210, 91705, 36253, 32565, 77621, 85260, 32630, 99428, 12645, 61617, 2235, 80321, 39047, 17619, 28334, 10600, 81821, 17849, 72639, 46681, 97262, 87962, 45816, 3577, 61436, 50360, 47279, 31935, 93898, 18330]
[4, 5, 6, 8, 8, 8, 9, 9, 11, 12, 12, 12, 13, 14, 15, 16, 17, 19, 19, 20, 21, 21, 21, 22, 23, 25, 27, 28, 28, 29, 30, 30, 32, 32, 32, 35, 36, 37, 37, 37, 39, 40, 41, 42, 42, 42, 44, 48, 49, 49, 99999]
INSERT SORTING FINISH: TAKES 12608 ms

Process finished with exit code 0