BUBBLE SORTING START
[26045, 91125, 78024, 19200, 47741, 1679, 11840, 5029, 79665, 87049, 63113, 59786, 72664, 51123, 56498, 39718, 51948, 40582, 40896, 33827, 26043, 9830, 18411, 80344, 24848, 15239, 97948, 20699, 90143, 28121, 746, 67482, 20249, 42278, 51799, 36242, 4724, 7648, 34610, 7072, 32701, 74657, 37266, 99997, 33286, 74483, 32309, 30894, 59919, 26966, 15684]
[1, 1, 3, 3, 4, 4, 7, 9, 10, 12, 12, 12, 13, 14, 16, 17, 17, 18, 19, 19, 20, 21, 21, 23, 25, 25, 26, 26, 26, 28, 31, 31, 32, 33, 34, 35, 35, 35, 39, 39, 41, 41, 42, 43, 43, 43, 47, 51, 51, 52, 99998]
BUBBLE SORTING FINISH: TAKES 37824 ms

SELECT SORTING START
[9265, 57269, 99163, 83865, 57270, 26575, 92631, 32585, 1889, 48380, 54264, 95757, 1423, 31471, 435, 16877, 54154, 5719, 21153, 51667, 56903, 41773, 3053, 86307, 74068, 62049, 2451, 50235, 13559, 61512, 42474, 7380, 12956, 31980, 38123, 85692, 88462, 95064, 19570, 8245, 96079, 1222, 47306, 29335, 15402, 45071, 98701, 17927, 66828, 72119, 92988]
[0, 0, 3, 4, 4, 4, 5, 5, 7, 7, 7, 9, 10, 10, 12, 12, 14, 16, 18, 21, 21, 21, 22, 23, 25, 25, 26, 27, 27, 28, 28, 28, 28, 30, 30, 30, 31, 33, 33, 33, 35, 36, 39, 39, 39, 40, 42, 44, 44, 45, 99998]
SELECT SORTING FINISH: TAKES 10400 ms

INSERT SORTING START
[96318, 90371, 12769, 53501, 11715, 31187, 33114, 2850, 43016, 71224, 12289, 7424, 85331, 51674, 91546, 73120, 81774, 7334, 30384, 24192, 99726, 10295, 8482, 19843, 18711, 26444, 52194, 60606, 52739, 34664, 75526, 60323, 36490, 63251, 37151, 63540, 77092, 93716, 26447, 83470, 20722, 85424, 34336, 89334, 50595, 97738, 89494, 24653, 315, 25664, 67850]
[0, 0, 0, 0, 3, 4, 4, 5, 6, 6, 6, 7, 8, 10, 11, 11, 12, 13, 14, 16, 17, 18, 19, 20, 20, 20, 21, 23, 24, 25, 25, 26, 29, 29, 32, 33, 34, 34, 35, 36, 38, 39, 41, 42, 43, 44, 44, 44, 45, 49, 99998]
INSERT SORTING FINISH: TAKES 4074 ms

Process finished with exit code 0


BUBBLE SORTING START
[70962, 9827, 79914, 92173, 60791, 18250, 88643, 91334, 89871, 42943, 11454, 32750, 61435, 64671, 86569, 51228, 30028, 45306, 2229, 72685, 72309, 36700, 35127, 56982, 93300, 10549, 44580, 8224, 76932, 11514, 61712, 85787, 80011, 47762, 20909, 63698, 5571, 38934, 67588, 4294, 43023, 50456, 54107, 27551, 43237, 7117, 39498, 38724, 17146, 98381, 94063]
[0, 3, 3, 3, 5, 6, 8, 10, 10, 10, 11, 11, 13, 14, 16, 18, 19, 20, 20, 22, 26, 27, 28, 28, 29, 29, 30, 31, 31, 32, 33, 33, 34, 39, 41, 43, 44, 44, 45, 47, 49, 50, 51, 52, 52, 53, 53, 56, 56, 58, 99999]
BUBBLE SORTING FINISH: TAKES 37768 ms

SELECT SORTING START
[84141, 53735, 86139, 43913, 3044, 83811, 9345, 54928, 48458, 48919, 78289, 46699, 57596, 56234, 26582, 75058, 34038, 42193, 52724, 38377, 80717, 47386, 81070, 94721, 58210, 19992, 85545, 60343, 21498, 4727, 38805, 2671, 2803, 16198, 8212, 30422, 61368, 86948, 58556, 42202, 99197, 22000, 47103, 79343, 59950, 7737, 48467, 70856, 9736, 43591, 8280]
[2, 3, 5, 6, 7, 8, 8, 9, 10, 10, 10, 12, 15, 15, 15, 17, 17, 19, 20, 20, 20, 22, 22, 22, 23, 23, 24, 26, 27, 27, 28, 29, 31, 32, 35, 35, 36, 36, 37, 37, 39, 39, 39, 39, 40, 40, 40, 41, 43, 43, 99999]
SELECT SORTING FINISH: TAKES 10375 ms

INSERT SORTING START
[55749, 1841, 92425, 88108, 91784, 15824, 34169, 94701, 10008, 93784, 88282, 995, 54709, 43580, 18786, 10811, 63793, 15368, 30556, 30760, 61465, 64290, 91001, 27060, 21564, 870, 21036, 35462, 65004, 69671, 41788, 37143, 63306, 92262, 12186, 68189, 22919, 96378, 76922, 69562, 1198, 96484, 5926, 68426, 39494, 81524, 29557, 39184, 55868, 50597, 14622]
[0, 1, 1, 2, 3, 3, 3, 6, 7, 7, 7, 8, 9, 10, 11, 14, 18, 19, 20, 20, 22, 25, 27, 27, 27, 28, 29, 30, 30, 31, 33, 33, 35, 39, 40, 40, 42, 43, 44, 44, 44, 45, 47, 47, 50, 50, 54, 56, 58, 59, 99999]
INSERT SORTING FINISH: TAKES 4191 ms

Process finished with exit code 0
